LASSO Feature Selection:

Linear Model Y1 Coefficients:
X304: -2.8844285011291504
X239: 0.11862319707870483
X116: 0.6137605905532837
X26: -3.085300922393799
X25: 0.7715330719947815
X322: 1.9060001373291016
X118: -0.4889933466911316
X48: 1.1917222738265991
X119: 0.6417712569236755
X149: -0.08329005539417267

Linear Model Y2 Coefficients:
X304: -7.714171409606934
X322: 3.9692883491516113
X239: 1.6811829805374146
X25: 0.3819766640663147
X116: 0.5153750777244568
X324: -0.2737868130207062
X26: -4.9392805099487305
X118: -0.2858147621154785
X325: 4.802570343017578
X148: 0.08422499895095825

RIDGE Feature Selection:

Linear Model Y1 Coefficients:
X149: 0.02111370675265789
X8: -0.9838070869445801
X239: -0.47252121567726135
X340: 0.6042223572731018
X9: 2.4727554321289062
X87: -1.553425908088684
X119: -0.5128426551818848
X372: 0.027093231678009033
X10: -3.5344486236572266
X108: 2.3731377124786377

Linear Model Y2 Coefficients:
X8: -4.487987995147705
X372: 0.1910264492034912
X350: -1.9371620416641235
X340: 0.6065433025360107
X9: 5.5522260665893555
X149: 0.0646209865808487
X46: 0.5090299844741821
X84: 0.26860225200653076
X353: 1.7918435335159302
X328: 4.33881950378418

Elastic Net Feature Selection:

Linear Model Y1 Coefficients:
X304: -2.746002435684204
X239: -0.27552181482315063
X118: -0.4861898422241211
X25: 0.789618730545044
X119: 0.6227272748947144
X86: 0.7626105546951294
X87: -0.6193047165870667
X26: -3.543818473815918
X116: 0.6076570153236389
X84: 0.11100999265909195

Linear Model Y2 Coefficients:
X304: -6.44486665725708
X322: 3.4137279987335205
X25: -0.6448385715484619
X84: -0.43805980682373047
X85: -0.4294552206993103
X325: 6.497086524963379
X117: 1.0030146837234497
X116: 0.13252031803131104
X239: 1.4932571649551392
X118: -0.2979567050933838